[
  {
    "function name": "transpose",
    "function arguments": [
      [
        11,
        21,
        31
      ],
      [
        41,
        51,
        61
      ],
      [
        71,
        81,
        91
      ]
    ],
    "result": [
      [
        11,
        41,
        71
      ],
      [
        21,
        51,
        81
      ],
      [
        31,
        61,
        91
      ]
    ]
  },
  {
    "function name": "transpose",
    "function arguments": [
      [
        11,
        21,
        31
      ],
      [
        41,
        51,
        61
      ],
      [
        71,
        81,
        91
      ]
    ],
    "result": [
      [
        11,
        41,
        71
      ],
      [
        21,
        51,
        81
      ],
      [
        31,
        61,
        91
      ]
    ]
  },
  {
    "function name": "transpose",
    "function arguments": [
      [
        11,
        21,
        31
      ],
      [
        41,
        51,
        61
      ],
      [
        71,
        81,
        91
      ]
    ],
    "result": [
      [
        11,
        41,
        71
      ],
      [
        21,
        51,
        81
      ],
      [
        31,
        61,
        91
      ]
    ]
  },
  {
    "function name": "transpose",
    "function arguments": [
      [
        11,
        21,
        31
      ],
      [
        41,
        51,
        61
      ],
      [
        71,
        81,
        91
      ]
    ],
    "result": [
      [
        11,
        41,
        71
      ],
      [
        21,
        51,
        81
      ],
      [
        31,
        61,
        91
      ]
    ]
  },
  {
    "function name": "transpose",
    "function arguments": [
      [
        11,
        21,
        31
      ],
      [
        41,
        51,
        61
      ],
      [
        71,
        81,
        91
      ]
    ],
    "result": [
      [
        11,
        41,
        71
      ],
      [
        21,
        51,
        81
      ],
      [
        31,
        61,
        91
      ]
    ]
  },
  {
    "function name": "transpose",
    "function arguments": [
      [
        11,
        21,
        31
      ],
      [
        41,
        51,
        61
      ],
      [
        71,
        81,
        91
      ]
    ],
    "result": [
      [
        11,
        41,
        71
      ],
      [
        21,
        51,
        81
      ],
      [
        31,
        61,
        91
      ]
    ]
  },
  {
    "function name": "transpose",
    "function arguments": [
      [
        11,
        21,
        31
      ],
      [
        41,
        51,
        61
      ],
      [
        71,
        81,
        91
      ]
    ],
    "result": [
      [
        11,
        41,
        71
      ],
      [
        21,
        51,
        81
      ],
      [
        31,
        61,
        91
      ]
    ]
  },
  {
    "function name": "transpose",
    "function arguments": [
      [
        11,
        21,
        31
      ],
      [
        41,
        51,
        61
      ],
      [
        71,
        81,
        91
      ]
    ],
    "result": [
      [
        11,
        41,
        71
      ],
      [
        21,
        51,
        81
      ],
      [
        31,
        61,
        91
      ]
    ]
  },
  {
    "function name": "transpose",
    "function arguments": [
      [
        11,
        21,
        31
      ],
      [
        41,
        51,
        61
      ],
      [
        71,
        81,
        91
      ]
    ],
    "result": [
      [
        11,
        41,
        71
      ],
      [
        21,
        51,
        81
      ],
      [
        31,
        61,
        91
      ]
    ]
  },
  {
    "function name": "transpose",
    "function arguments": [
      [
        11,
        21,
        31
      ],
      [
        41,
        51,
        61
      ],
      [
        71,
        81,
        91
      ]
    ],
    "result": [
      [
        11,
        41,
        71
      ],
      [
        21,
        51,
        81
      ],
      [
        31,
        61,
        91
      ]
    ]
  },
  {
    "function name": "transpose",
    "function arguments": [
      [
        11,
        21,
        31
      ],
      [
        41,
        51,
        61
      ],
      [
        71,
        81,
        91
      ]
    ],
    "result": [
      [
        11,
        41,
        71
      ],
      [
        21,
        51,
        81
      ],
      [
        31,
        61,
        91
      ]
    ]
  },
  {
    "function name": "transpose",
    "function arguments": [
      [
        11,
        21,
        31
      ],
      [
        41,
        51,
        61
      ],
      [
        71,
        81,
        91
      ]
    ],
    "result": [
      [
        11,
        41,
        71
      ],
      [
        21,
        51,
        81
      ],
      [
        31,
        61,
        91
      ]
    ]
  }
]